{
 "cells": [
  {
   "cell_type": "code",
   "execution_count": 1,
   "metadata": {},
   "outputs": [],
   "source": [
    "import pandas as pd\n",
    "import scipy as sparse\n",
    "from sklearn.metrics.pairwise import cosine_similarity \n"
   ]
  },
  {
   "cell_type": "code",
   "execution_count": 7,
   "metadata": {},
   "outputs": [
    {
     "data": {
      "text/html": [
       "<div>\n",
       "<style scoped>\n",
       "    .dataframe tbody tr th:only-of-type {\n",
       "        vertical-align: middle;\n",
       "    }\n",
       "\n",
       "    .dataframe tbody tr th {\n",
       "        vertical-align: top;\n",
       "    }\n",
       "\n",
       "    .dataframe thead th {\n",
       "        text-align: right;\n",
       "    }\n",
       "</style>\n",
       "<table border=\"1\" class=\"dataframe\">\n",
       "  <thead>\n",
       "    <tr style=\"text-align: right;\">\n",
       "      <th></th>\n",
       "      <th>action1</th>\n",
       "      <th>action2</th>\n",
       "      <th>action3</th>\n",
       "      <th>Romantic1</th>\n",
       "      <th>Romantic2</th>\n",
       "      <th>romantic3</th>\n",
       "    </tr>\n",
       "  </thead>\n",
       "  <tbody>\n",
       "    <tr>\n",
       "      <th>user 1</th>\n",
       "      <td>4.0</td>\n",
       "      <td>5.0</td>\n",
       "      <td>3.0</td>\n",
       "      <td>0.0</td>\n",
       "      <td>2.0</td>\n",
       "      <td>1.0</td>\n",
       "    </tr>\n",
       "    <tr>\n",
       "      <th>user 2</th>\n",
       "      <td>5.0</td>\n",
       "      <td>3.0</td>\n",
       "      <td>3.0</td>\n",
       "      <td>2.0</td>\n",
       "      <td>2.0</td>\n",
       "      <td>0.0</td>\n",
       "    </tr>\n",
       "    <tr>\n",
       "      <th>user 3</th>\n",
       "      <td>1.0</td>\n",
       "      <td>0.0</td>\n",
       "      <td>0.0</td>\n",
       "      <td>4.0</td>\n",
       "      <td>5.0</td>\n",
       "      <td>4.0</td>\n",
       "    </tr>\n",
       "    <tr>\n",
       "      <th>user 4</th>\n",
       "      <td>0.0</td>\n",
       "      <td>2.0</td>\n",
       "      <td>1.0</td>\n",
       "      <td>4.0</td>\n",
       "      <td>0.0</td>\n",
       "      <td>3.0</td>\n",
       "    </tr>\n",
       "    <tr>\n",
       "      <th>user 5</th>\n",
       "      <td>1.0</td>\n",
       "      <td>0.0</td>\n",
       "      <td>2.0</td>\n",
       "      <td>3.0</td>\n",
       "      <td>3.0</td>\n",
       "      <td>4.0</td>\n",
       "    </tr>\n",
       "  </tbody>\n",
       "</table>\n",
       "</div>"
      ],
      "text/plain": [
       "        action1  action2  action3  Romantic1  Romantic2  romantic3\n",
       "user 1      4.0      5.0      3.0        0.0        2.0        1.0\n",
       "user 2      5.0      3.0      3.0        2.0        2.0        0.0\n",
       "user 3      1.0      0.0      0.0        4.0        5.0        4.0\n",
       "user 4      0.0      2.0      1.0        4.0        0.0        3.0\n",
       "user 5      1.0      0.0      2.0        3.0        3.0        4.0"
      ]
     },
     "execution_count": 7,
     "metadata": {},
     "output_type": "execute_result"
    }
   ],
   "source": [
    "data= pd.read_csv('/Users/akriti/Desktop/development/Datasets/toy_movie_dataset.csv',index_col=0)\n",
    "data= data.fillna(0)\n",
    "data"
   ]
  },
  {
   "cell_type": "code",
   "execution_count": 8,
   "metadata": {},
   "outputs": [
    {
     "data": {
      "text/html": [
       "<div>\n",
       "<style scoped>\n",
       "    .dataframe tbody tr th:only-of-type {\n",
       "        vertical-align: middle;\n",
       "    }\n",
       "\n",
       "    .dataframe tbody tr th {\n",
       "        vertical-align: top;\n",
       "    }\n",
       "\n",
       "    .dataframe thead th {\n",
       "        text-align: right;\n",
       "    }\n",
       "</style>\n",
       "<table border=\"1\" class=\"dataframe\">\n",
       "  <thead>\n",
       "    <tr style=\"text-align: right;\">\n",
       "      <th></th>\n",
       "      <th>action1</th>\n",
       "      <th>action2</th>\n",
       "      <th>action3</th>\n",
       "      <th>Romantic1</th>\n",
       "      <th>Romantic2</th>\n",
       "      <th>romantic3</th>\n",
       "    </tr>\n",
       "  </thead>\n",
       "  <tbody>\n",
       "    <tr>\n",
       "      <th>user 1</th>\n",
       "      <td>0.36</td>\n",
       "      <td>0.6</td>\n",
       "      <td>0.400000</td>\n",
       "      <td>-0.65</td>\n",
       "      <td>-0.08</td>\n",
       "      <td>-0.35</td>\n",
       "    </tr>\n",
       "    <tr>\n",
       "      <th>user 2</th>\n",
       "      <td>0.56</td>\n",
       "      <td>0.2</td>\n",
       "      <td>0.400000</td>\n",
       "      <td>-0.15</td>\n",
       "      <td>-0.08</td>\n",
       "      <td>-0.60</td>\n",
       "    </tr>\n",
       "    <tr>\n",
       "      <th>user 3</th>\n",
       "      <td>-0.24</td>\n",
       "      <td>-0.4</td>\n",
       "      <td>-0.600000</td>\n",
       "      <td>0.35</td>\n",
       "      <td>0.52</td>\n",
       "      <td>0.40</td>\n",
       "    </tr>\n",
       "    <tr>\n",
       "      <th>user 4</th>\n",
       "      <td>-0.44</td>\n",
       "      <td>0.0</td>\n",
       "      <td>-0.266667</td>\n",
       "      <td>0.35</td>\n",
       "      <td>-0.48</td>\n",
       "      <td>0.15</td>\n",
       "    </tr>\n",
       "    <tr>\n",
       "      <th>user 5</th>\n",
       "      <td>-0.24</td>\n",
       "      <td>-0.4</td>\n",
       "      <td>0.066667</td>\n",
       "      <td>0.10</td>\n",
       "      <td>0.12</td>\n",
       "      <td>0.40</td>\n",
       "    </tr>\n",
       "  </tbody>\n",
       "</table>\n",
       "</div>"
      ],
      "text/plain": [
       "        action1  action2   action3  Romantic1  Romantic2  romantic3\n",
       "user 1     0.36      0.6  0.400000      -0.65      -0.08      -0.35\n",
       "user 2     0.56      0.2  0.400000      -0.15      -0.08      -0.60\n",
       "user 3    -0.24     -0.4 -0.600000       0.35       0.52       0.40\n",
       "user 4    -0.44      0.0 -0.266667       0.35      -0.48       0.15\n",
       "user 5    -0.24     -0.4  0.066667       0.10       0.12       0.40"
      ]
     },
     "execution_count": 8,
     "metadata": {},
     "output_type": "execute_result"
    }
   ],
   "source": [
    "def standarized(row):\n",
    "    new_row=(row-row.mean())/(row.max()-row.min())\n",
    "    return new_row\n",
    "data_std=data.apply(standarized)\n",
    "data_std"
   ]
  },
  {
   "cell_type": "code",
   "execution_count": 9,
   "metadata": {},
   "outputs": [
    {
     "name": "stdout",
     "output_type": "stream",
     "text": [
      "[[ 1.          0.70668875  0.81368151 -0.79941088 -0.02539184 -0.91410609]\n",
      " [ 0.70668875  1.          0.72310153 -0.84515425 -0.5189993  -0.84337386]\n",
      " [ 0.81368151  0.72310153  1.         -0.84794611 -0.3799803  -0.80218063]\n",
      " [-0.79941088 -0.84515425 -0.84794611  1.          0.14803913  0.72374686]\n",
      " [-0.02539184 -0.5189993  -0.3799803   0.14803913  1.          0.39393939]\n",
      " [-0.91410609 -0.84337386 -0.80218063  0.72374686  0.39393939  1.        ]]\n"
     ]
    }
   ],
   "source": [
    "#item -to- item filtering \n",
    "# cosine calculates the similarity between rows that is the reason why we have done transpose as we want similarity between items and not users\n",
    "item_similarity = cosine_similarity(data_std.T)\n",
    "print(item_similarity)\n"
   ]
  },
  {
   "cell_type": "code",
   "execution_count": 10,
   "metadata": {},
   "outputs": [
    {
     "data": {
      "text/html": [
       "<div>\n",
       "<style scoped>\n",
       "    .dataframe tbody tr th:only-of-type {\n",
       "        vertical-align: middle;\n",
       "    }\n",
       "\n",
       "    .dataframe tbody tr th {\n",
       "        vertical-align: top;\n",
       "    }\n",
       "\n",
       "    .dataframe thead th {\n",
       "        text-align: right;\n",
       "    }\n",
       "</style>\n",
       "<table border=\"1\" class=\"dataframe\">\n",
       "  <thead>\n",
       "    <tr style=\"text-align: right;\">\n",
       "      <th></th>\n",
       "      <th>action1</th>\n",
       "      <th>action2</th>\n",
       "      <th>action3</th>\n",
       "      <th>Romantic1</th>\n",
       "      <th>Romantic2</th>\n",
       "      <th>romantic3</th>\n",
       "    </tr>\n",
       "  </thead>\n",
       "  <tbody>\n",
       "    <tr>\n",
       "      <th>action1</th>\n",
       "      <td>1.000000</td>\n",
       "      <td>0.706689</td>\n",
       "      <td>0.813682</td>\n",
       "      <td>-0.799411</td>\n",
       "      <td>-0.025392</td>\n",
       "      <td>-0.914106</td>\n",
       "    </tr>\n",
       "    <tr>\n",
       "      <th>action2</th>\n",
       "      <td>0.706689</td>\n",
       "      <td>1.000000</td>\n",
       "      <td>0.723102</td>\n",
       "      <td>-0.845154</td>\n",
       "      <td>-0.518999</td>\n",
       "      <td>-0.843374</td>\n",
       "    </tr>\n",
       "    <tr>\n",
       "      <th>action3</th>\n",
       "      <td>0.813682</td>\n",
       "      <td>0.723102</td>\n",
       "      <td>1.000000</td>\n",
       "      <td>-0.847946</td>\n",
       "      <td>-0.379980</td>\n",
       "      <td>-0.802181</td>\n",
       "    </tr>\n",
       "    <tr>\n",
       "      <th>Romantic1</th>\n",
       "      <td>-0.799411</td>\n",
       "      <td>-0.845154</td>\n",
       "      <td>-0.847946</td>\n",
       "      <td>1.000000</td>\n",
       "      <td>0.148039</td>\n",
       "      <td>0.723747</td>\n",
       "    </tr>\n",
       "    <tr>\n",
       "      <th>Romantic2</th>\n",
       "      <td>-0.025392</td>\n",
       "      <td>-0.518999</td>\n",
       "      <td>-0.379980</td>\n",
       "      <td>0.148039</td>\n",
       "      <td>1.000000</td>\n",
       "      <td>0.393939</td>\n",
       "    </tr>\n",
       "    <tr>\n",
       "      <th>romantic3</th>\n",
       "      <td>-0.914106</td>\n",
       "      <td>-0.843374</td>\n",
       "      <td>-0.802181</td>\n",
       "      <td>0.723747</td>\n",
       "      <td>0.393939</td>\n",
       "      <td>1.000000</td>\n",
       "    </tr>\n",
       "  </tbody>\n",
       "</table>\n",
       "</div>"
      ],
      "text/plain": [
       "            action1   action2   action3  Romantic1  Romantic2  romantic3\n",
       "action1    1.000000  0.706689  0.813682  -0.799411  -0.025392  -0.914106\n",
       "action2    0.706689  1.000000  0.723102  -0.845154  -0.518999  -0.843374\n",
       "action3    0.813682  0.723102  1.000000  -0.847946  -0.379980  -0.802181\n",
       "Romantic1 -0.799411 -0.845154 -0.847946   1.000000   0.148039   0.723747\n",
       "Romantic2 -0.025392 -0.518999 -0.379980   0.148039   1.000000   0.393939\n",
       "romantic3 -0.914106 -0.843374 -0.802181   0.723747   0.393939   1.000000"
      ]
     },
     "execution_count": 10,
     "metadata": {},
     "output_type": "execute_result"
    }
   ],
   "source": [
    "# converting numpy array into a DataFrame \n",
    "item_similarity_df= pd.DataFrame(item_similarity,index=data.columns,columns=data.columns)\n",
    "item_similarity_df"
   ]
  },
  {
   "cell_type": "code",
   "execution_count": 15,
   "metadata": {},
   "outputs": [
    {
     "name": "stdout",
     "output_type": "stream",
     "text": [
      "action3      1.271919\n",
      "action2      1.267731\n",
      "action1      1.199116\n",
      "Romantic2   -0.222059\n",
      "romantic3   -1.085620\n",
      "Romantic1   -1.500000\n",
      "Name: Romantic1, dtype: float64\n"
     ]
    }
   ],
   "source": [
    "# recommendation :\n",
    "\n",
    "def get_similar_movie(movie_name,user_rating):\n",
    "    similar_score= item_similarity_df[movie_name]*(user_rating-2.5)\n",
    "    # 2.5 is the mean of ratingsThe reason of doing this is if the user gives romantic movie then the function was initially returning the same value \n",
    "    similar_score = similar_score.sort_values(ascending=False)\n",
    "    return similar_score\n",
    "\n",
    "print(get_similar_movie('Romantic1',1))\n",
    "    "
   ]
  },
  {
   "cell_type": "code",
   "execution_count": 19,
   "metadata": {},
   "outputs": [
    {
     "data": {
      "text/plain": [
       "action1      5.070275\n",
       "action3      4.509394\n",
       "action2      4.299514\n",
       "Romantic2   -0.876447\n",
       "Romantic1   -4.584147\n",
       "romantic3   -4.870886\n",
       "dtype: float64"
      ]
     },
     "execution_count": 19,
     "metadata": {},
     "output_type": "execute_result"
    }
   ],
   "source": [
    "# to take multiple user rating \n",
    "\n",
    "action_l =[('action1',5),(\"Romantic1\",1),(\"romantic3\",1)]\n",
    "similar_movies= pd.DataFrame()\n",
    "for movie,rating in action_l:\n",
    "    similar_movies=similar_movies.append(get_similar_movie(movie,rating),ignore_index=True)\n",
    "similar_movies.head() \n",
    "similar_movies.sum().sort_values(ascending=False)"
   ]
  },
  {
   "cell_type": "code",
   "execution_count": null,
   "metadata": {},
   "outputs": [],
   "source": []
  }
 ],
 "metadata": {
  "kernelspec": {
   "display_name": "Python 3",
   "language": "python",
   "name": "python3"
  },
  "language_info": {
   "codemirror_mode": {
    "name": "ipython",
    "version": 3
   },
   "file_extension": ".py",
   "mimetype": "text/x-python",
   "name": "python",
   "nbconvert_exporter": "python",
   "pygments_lexer": "ipython3",
   "version": "3.7.6"
  }
 },
 "nbformat": 4,
 "nbformat_minor": 4
}
